"V1"	"V2"	"V3"	"V4"
"1"	0.523222029209137	-0.85147762298584	-0.0349838696420193	0
"2"	-0.8141068816185	-0.487279057502747	-0.31589412689209	0
"3"	0.251930296421051	0.193763434886932	-0.948149144649506	0
"4"	0	0	0	1
